359632104535973
358480083069338
358480088670890
358480089088365
358480084152521
359632100748448
359632100775896
359632102905277
359632104107971
359632104535908
359632104681298
359632100775888
359632104535783
359632100804142
359632100776019
358480088717238
358480086423979
359632100798856
358480089088258
359632103839434
359632103841448
358480083069379
359632103841364
359632103839525
359632103839483
358480080595202
359632100804043
359632100748513
359632100776068
358480088717212
358480084152364
358480083310070
358480083069387
358480084012204
359632100773388
358480089088324
358480084152430
358480089088357
358480083069411
358480084031832
359632104535072
359632104535924
358480083070732
358480084152257
358480082867831
358480083069296
359632104535734
358480084152513
358480084152273
358480084012212
358480084152406
359632104535676
358480084578683
359632103839467
359632102905269
359632103841455
359632103841372
358480088702859
358480088702628
358480084529009
358480084152471
358480084152497
359632104535700